Age ranges:  0-5          6-12         13-19        20-29        30-39        40-49        50-59        60-69        70-79        80-89        90-105   
pm:          1.0000       1.0000       0.9998       0.9925       0.9781       0.9719       0.9452       0.9185       0.8812       0.8732       0.8732
ps:          0.0000       0.0000       0.0002       0.0073       0.0216       0.0275       0.0531       0.0767       0.1081       0.1081       0.1081
pf:          0.0000       0.0000       0.0000       0.0003       0.0003       0.0005       0.0017       0.0048       0.0107       0.0187       0.0187
ratios corresponds to CFR=     0.00300 and PSEV=     0.03900
