Age ranges:  0-5          6-12         13-19        20-29        30-39        40-49        50-59        60-69        70-79        80-89        90-105   
pm:          1.0000       1.0000       0.9998       0.9929       0.9797       0.9739       0.9487       0.9229       0.8863       0.8760       0.8760
ps:          0.0000       0.0000       0.0002       0.0067       0.0200       0.0255       0.0491       0.0709       0.1000       0.1000       0.1000
pf:          0.0000       0.0000       0.0000       0.0003       0.0003       0.0007       0.0022       0.0062       0.0137       0.0241       0.0241
ratios corresponds to CFR=     0.00386 and PSEV=     0.03607
