Age ranges: 0-5          6-12         13-19        20-29        30-39        40-49        50-59        60-69        70-79        80-89        90-105    
pm:          1.0000       1.0000       1.0000       0.9992       0.9988       0.9981       0.9947       0.9872       0.9731       0.9550       0.9550
ps:          0.0000       0.0000       0.0000       0.0002       0.0006       0.0007       0.0014       0.0020       0.0028       0.0028       0.0028
pf:          0.0000       0.0000       0.0000       0.0006       0.0006       0.0012       0.0039       0.0108       0.0241       0.0422       0.0422
ratios corresponds to CFR=     0.00626 and PSEV=     0.00100
