Age ranges: 0-5          6-12         13-19        20-29        30-39        40-49        50-59        60-69        70-79        80-89        90-105    
pm:          1.0000       1.0000       1.0000       0.9989       0.9986       0.9976       0.9930       0.9824       0.9626       0.9366       0.9366
ps:          0.0000       0.0000       0.0000       0.0002       0.0006       0.0007       0.0014       0.0020       0.0028       0.0028       0.0028
pf:          0.0000       0.0000       0.0000       0.0009       0.0009       0.0017       0.0056       0.0156       0.0346       0.0606       0.0606
ratios corresponds to CFR=     0.00900 and PSEV=     0.00100
