Age ranges: 0-5          6-12         13-19        20-29        30-39        40-49        50-59        60-69        70-79        80-89        90-105    
pm:          1.0000       1.0000       1.0000       0.9991       0.9987       0.9978       0.9937       0.9843       0.9668       0.9440       0.9440
ps:          0.0000       0.0000       0.0000       0.0002       0.0006       0.0007       0.0014       0.0020       0.0028       0.0028       0.0028
pf:          0.0000       0.0000       0.0000       0.0008       0.0008       0.0015       0.0049       0.0137       0.0304       0.0532       0.0532
ratios corresponds to CFR=     0.00790 and PSEV=     0.00101
