Age ranges: 0-5          6-12         13-19        20-29        30-39        40-49        50-59        60-69        70-79        80-89        90-105    
pm:          1.0000       1.0000       1.0000       0.9989       0.9985       0.9974       0.9925       0.9812       0.9597       0.9316       0.9316
ps:          0.0000       0.0000       0.0000       0.0002       0.0006       0.0007       0.0014       0.0020       0.0028       0.0028       0.0028
pf:          0.0000       0.0000       0.0000       0.0009       0.0009       0.0019       0.0061       0.0169       0.0375       0.0657       0.0657
ratios corresponds to CFR=     0.00975 and PSEV=     0.00099
